----------------------------------------------------------------------
State of RF after executing cycle:0
0
5
0
0
0
0
0
0
0
0
0
0
0
0
0
0
0
0
0
0
0
0
0
0
0
0
0
0
0
0
0
0
----------------------------------------------------------------------
State of RF after executing cycle:1
0
5
3
0
0
0
0
0
0
0
0
0
0
0
0
0
0
0
0
0
0
0
0
0
0
0
0
0
0
0
0
0
----------------------------------------------------------------------
State of RF after executing cycle:2
0
5
3
8
0
0
0
0
0
0
0
0
0
0
0
0
0
0
0
0
0
0
0
0
0
0
0
0
0
0
0
0
----------------------------------------------------------------------
State of RF after executing cycle:3
0
5
3
8
2
0
0
0
0
0
0
0
0
0
0
0
0
0
0
0
0
0
0
0
0
0
0
0
0
0
0
0
----------------------------------------------------------------------
State of RF after executing cycle:4
0
5
3
8
2
0
0
0
0
0
0
0
0
0
0
0
0
0
0
0
0
0
0
0
0
0
0
0
0
0
0
0
----------------------------------------------------------------------
State of RF after executing cycle:5
0
5
3
8
2
0
0
0
0
0
0
0
0
0
0
0
0
0
0
0
0
0
0
0
0
0
0
0
0
0
0
0
----------------------------------------------------------------------
State of RF after executing cycle:6
0
5
3
8
2
8
0
0
0
0
0
0
0
0
0
0
0
0
0
0
0
0
0
0
0
0
0
0
0
0
0
0
----------------------------------------------------------------------
State of RF after executing cycle:7
0
5
3
8
2
8
7
0
0
0
0
0
0
0
0
0
0
0
0
0
0
0
0
0
0
0
0
0
0
0
0
0
----------------------------------------------------------------------
State of RF after executing cycle:8
0
5
3
8
2
8
7
6
0
0
0
0
0
0
0
0
0
0
0
0
0
0
0
0
0
0
0
0
0
0
0
0
----------------------------------------------------------------------
State of RF after executing cycle:9
0
5
4294967293
8
2
8
7
6
0
0
0
0
0
0
0
0
0
0
0
0
0
0
0
0
0
0
0
0
0
0
0
0
----------------------------------------------------------------------
State of RF after executing cycle:10
0
5
4294967293
8
2
8
7
6
4294967298
0
0
0
0
0
0
0
0
0
0
0
0
0
0
0
0
0
0
0
0
0
0
0
----------------------------------------------------------------------
State of RF after executing cycle:11
0
5
4294967293
8
2
8
7
6
4294967298
-4294967288
0
0
0
0
0
0
0
0
0
0
0
0
0
0
0
0
0
0
0
0
0
0
----------------------------------------------------------------------
State of RF after executing cycle:12
0
5
4294967293
8
2
8
7
6
4294967298
-4294967288
4294967298
0
0
0
0
0
0
0
0
0
0
0
0
0
0
0
0
0
0
0
0
0
----------------------------------------------------------------------
State of RF after executing cycle:13
0
5
4294967293
8
2
8
7
6
4294967298
-4294967288
4294967298
4294967293
0
0
0
0
0
0
0
0
0
0
0
0
0
0
0
0
0
0
0
0
----------------------------------------------------------------------
State of RF after executing cycle:14
0
5
4294967293
8
2
8
7
6
4294967298
-4294967288
4294967298
4294967293
4294967288
0
0
0
0
0
0
0
0
0
0
0
0
0
0
0
0
0
0
0
----------------------------------------------------------------------
State of RF after executing cycle:15
0
4294967291
4294967293
8
2
8
7
6
4294967298
-4294967288
4294967298
4294967293
4294967288
0
0
0
0
0
0
0
0
0
0
0
0
0
0
0
0
0
0
0
----------------------------------------------------------------------
State of RF after executing cycle:16
0
4294967291
2
8
2
8
7
6
4294967298
-4294967288
4294967298
4294967293
4294967288
0
0
0
0
0
0
0
0
0
0
0
0
0
0
0
0
0
0
0
----------------------------------------------------------------------
State of RF after executing cycle:17
0
4294967291
2
8
2
8
7
6
4294967298
-4294967288
4294967298
4294967293
4294967288
4294967293
0
0
0
0
0
0
0
0
0
0
0
0
0
0
0
0
0
0
----------------------------------------------------------------------
State of RF after executing cycle:18
0
4294967291
2
8
2
8
7
6
4294967298
-4294967288
4294967298
4294967293
4294967288
4294967293
4294967289
0
0
0
0
0
0
0
0
0
0
0
0
0
0
0
0
0
----------------------------------------------------------------------
State of RF after executing cycle:19
0
4294967291
2
8
2
8
7
6
4294967298
-4294967288
4294967298
4294967293
4294967288
4294967293
4294967289
4294967293
0
0
0
0
0
0
0
0
0
0
0
0
0
0
0
0
----------------------------------------------------------------------
State of RF after executing cycle:20
0
4294967291
2
8
2
8
7
6
4294967298
-4294967288
4294967298
4294967293
4294967288
4294967293
4294967289
4294967293
4294967291
0
0
0
0
0
0
0
0
0
0
0
0
0
0
0
----------------------------------------------------------------------
State of RF after executing cycle:21
0
4294967291
2
8
2
8
7
6
4294967298
-4294967288
4294967298
4294967293
4294967288
4294967293
4294967289
4294967293
4294967291
4294967289
0
0
0
0
0
0
0
0
0
0
0
0
0
0
----------------------------------------------------------------------
State of RF after executing cycle:22
0
4294967291
2
8
2
8
7
6
4294967298
-4294967288
4294967298
4294967293
4294967288
4294967293
4294967289
4294967293
4294967291
4294967289
2049
0
0
0
0
0
0
0
0
0
0
0
0
0
----------------------------------------------------------------------
State of RF after executing cycle:23
0
4294967291
2
8
2
8
7
6
4294967298
-4294967288
4294967298
4294967293
4294967288
4294967293
4294967289
4294967293
4294967291
4294967289
2049
2
0
0
0
0
0
0
0
0
0
0
0
0
----------------------------------------------------------------------
State of RF after executing cycle:24
0
4294967291
2
8
2
8
7
6
4294967298
-4294967288
4294967298
4294967293
4294967288
4294967293
4294967289
4294967293
4294967291
4294967289
2049
2
2047
0
0
0
0
0
0
0
0
0
0
0
----------------------------------------------------------------------
State of RF after executing cycle:25
0
4294967291
2
8
2
8
7
6
4294967298
-4294967288
4294967298
4294967293
4294967288
4294967293
4294967289
4294967293
4294967291
4294967289
2049
2
2047
2045
0
0
0
0
0
0
0
0
0
0
----------------------------------------------------------------------
State of RF after executing cycle:26
0
4294967291
2
8
2
8
7
6
4294967298
-4294967288
4294967298
4294967293
4294967288
4294967293
4294967289
4294967293
4294967291
4294967289
2049
2
2047
2045
4294969338
0
0
0
0
0
0
0
0
0
----------------------------------------------------------------------
State of RF after executing cycle:27
0
4294967291
2
8
2
8
7
6
4294967298
-4294967288
4294967298
4294967293
4294967288
4294967293
4294967289
4294967293
4294967291
4294967289
2049
2
2047
2045
4294969338
2043
0
0
0
0
0
0
0
0
----------------------------------------------------------------------
State of RF after executing cycle:28
0
4294967291
2
8
2
8
7
6
4294967298
-4294967288
4294967298
4294967293
4294967288
4294967293
4294967289
4294967293
4294967291
4294967289
2049
2
2047
2045
4294969338
2043
4294967295
0
0
0
0
0
0
0
----------------------------------------------------------------------
State of RF after executing cycle:29
0
4294967291
2
8
2
8
7
6
4294967298
-4294967288
4294967298
4294967293
4294967288
4294967293
4294967289
4294967293
4294967291
4294967289
2049
2
2047
2045
4294969338
2043
4294967295
4294965252
0
0
0
0
0
0
----------------------------------------------------------------------
State of RF after executing cycle:30
0
4294967291
2
8
2
8
7
6
4294967298
-4294967288
4294967298
4294967293
4294967288
4294967293
4294967289
4294967293
4294967291
4294967289
2049
2
2047
2045
4294969338
2043
4294967295
4294965252
1
0
0
0
0
0
----------------------------------------------------------------------
State of RF after executing cycle:31
0
4294967291
2
8
2
8
7
6
4294967298
-4294967288
4294967298
4294967293
4294967288
4294967293
4294967289
4294967293
4294967291
4294967289
2049
2
2047
2045
4294969338
2043
4294967295
4294965252
1
2
0
0
0
0
----------------------------------------------------------------------
State of RF after executing cycle:32
0
4294967291
2
8
2
8
7
6
4294967298
-4294967288
4294967298
4294967293
4294967288
4294967293
4294967289
4294967293
4294967291
4294967289
2049
2
2047
2045
4294969338
2043
4294967295
4294965252
1
2
-1
0
0
0
----------------------------------------------------------------------
State of RF after executing cycle:33
0
4294967291
2
8
2
8
7
6
4294967298
-4294967288
4294967298
4294967293
4294967288
4294967293
4294967289
4294967293
4294967291
4294967289
2049
2
2047
2045
4294969338
2043
4294967295
4294965252
1
2
-1
-3
0
0
----------------------------------------------------------------------
State of RF after executing cycle:34
0
4294967291
2
8
2
8
7
6
4294967298
-4294967288
4294967298
4294967293
4294967288
4294967293
4294967289
4294967293
4294967291
4294967289
2049
2
2047
2045
4294969338
2043
4294967295
4294965252
1
2
-1
-3
4294967290
0
----------------------------------------------------------------------
State of RF after executing cycle:35
0
4294967291
2
8
2
8
7
6
4294967298
-4294967288
4294967298
4294967293
4294967288
4294967293
4294967289
4294967293
4294967291
4294967289
2049
2
2047
2045
4294969338
2043
4294967295
4294965252
1
2
-1
-3
4294967290
4294967291
----------------------------------------------------------------------
State of RF after executing cycle:36
0
4294967291
2
8
2
8
7
6
4294967298
-4294967288
4294967298
4294967293
4294967288
4294967293
4294967289
4294967293
4294967291
4294967289
2049
2
2047
2045
4294969338
2043
4294967295
4294965252
1
2
-1
-3
4294967290
-1
----------------------------------------------------------------------
State of RF after executing cycle:37
-4294967292
4294967291
2
8
2
8
7
6
4294967298
-4294967288
4294967298
4294967293
4294967288
4294967293
4294967289
4294967293
4294967291
4294967289
2049
2
2047
2045
4294969338
2043
4294967295
4294965252
1
2
-1
-3
4294967290
-1
